joint_names: ["arm_right_1_joint","arm_right_2_joint","arm_right_3_joint","arm_right_4_joint","arm_right_5_joint","arm_right_6_joint","arm_right_7_joint"]
action_name: /arm_right/joint_trajectory_controller/follow_joint_trajectory
service_ns: /arm_right/driver
default_vel: 0.3

# single positions
home: [[0,0,0,0,0,0,0]]
folded: [[0.9599, 1.5708, -0.1200, 1.0000, 1.3800, 0.7500, -1.3600]]
side: [[0.9599, 1.6581, -1.0472, -1.6581, -1.0472, -0.6981, 1.0700]]

start_3: [[0.5647885459453651, 1.2499873569858189, -0.5295852549326394, -2.0909917103518065, -0.540790268730443, -0.5519952825282466, 1.4522710172919617]]
approach_3: [[2.0, 0.78, -2.19, -2.01, -0.34, 0.58, 1.1]]
grasp_3: [[2.26, 0.94, -2.3, -1.67, -0.28, 0.47, 1.06]]
lift_3: [[2.33, 0.9, -2.35, -1.73, -0.2, 0.55, 1.04]]
move_3: [[2.35, 1.51, -2.47, -1.6, -0.54, 0.88, 0.96]]
drop_3: [[2.31, 1.51, -2.47, -1.55, -0.6, 0.83, 1.01]]
retreat_3: [[2.12, 1.43, -2.52, -1.96, -0.65, 1.05, 0.89]]
end_3: [[0.9357408251642398, 1.2479976816385454, -0.9968622555690813, -2.345652701510299, -1.0685952878260483, -1.139106589606619, 1.7841977344362432]]
