start_3: [[-0.5647885459453651, -1.2499873569858189, 0.5295852549326394, 2.0909917103518065, 0.540790268730443, 0.5519952825282466, -1.4522710172919617]]
approach_3: [[-2.18, -1.57, 2.56, 1.79, 0.83, -1.19, -0.98]]
grasp_3: [[-2.3, -1.58, 2.51, 1.54, 0.78, -1.04, -1.08]]
lift_3: [[-2.36, -1.6, 2.49, 1.61, 0.69, -1.12, -0.98]]
move_3: [[-2.33, -0.95, 2.31, 1.82, 0.29, -0.81, -1.04]]
drop_3: [[-2.2, -1.0, 2.26, 1.7, 0.46, -0.66, -1.13]]
retreat_3: [[-2.04, -0.92, 2.23, 1.97, 0.49, -0.79, -1.12]]
end_3: [[-0.9357408251642398, -1.2479976816385454, 0.9968622555690813, 2.345652701510299, 1.0685952878260483, 1.139106589606619, -1.7841977344362432]]
